101005025
101005035
101005065
101005074
101005049
101005065
101005016
101005050
101005059
101005072
101005065
101005033
101005018
101005030
101005055
101005009
101005050
101005072
101005025
101005035
101005003
101005009
101005062
101005047
101005061
101005073
101005026
101005055
101005072
101005013
101005064
101005011
101005024
101005013
101005020
101005014
101005007
101005073
101005003
101005052
101005047
101005030
101005060
101005007
101005031
101005055
101005036
101005034
101005005
101005067
101005007
101005033
101005004
101005017
101005037
101005007
101005077
101005053
101005055
101005009
101005035
101005017
101005001
101005020
101005066
101005047
101005066
101005059
101005035
101005048
101005020
101005018
101005061
101005014
101005010
101005050
1111
101004093
101004130
101004081
101004040
